0 0.00533322493444655
0.0001 0.00785526691146004
0.0002 0.0533065937507895
0.0003 0.0254317145874602
0.0004 0.0355745513862776
0.0005 0.0240063539817606
0.0006 0.0277501475868062
0.0007 0.0161414815312522
0.0008 0.00246605877120624
0.0009 0.0202171975743595
0.001 0.0143895254906317
0.0011 0.0165743590836848
0.0012 0.0129702863262191
0.0013 0.00621413293514434
0.0014 0.0300737346926899
0.0015 0.010074628609812
0.0016 0.0263689704814806
0.0017 0.028544376590487
0.0018 0.028544376590487
0.0019 0.028544376590487
0.002 0.028544376590487
0.0021 0.028544376590487
0.0022 0.028544376590487
0.0023 0.0116530349999998
0.0024 0.0116530349999998
0.0025 0.0116530349999998
0.0026 0.0116530349999998
0.0027 0.0116530349999998
0.0028 0.0116530349999998
0.0029 0.0116530349999998
0.003 0.0116530349999998
0.0031 0.0116530349999998
0.0032 0.0116530349999998
0.0033 0.0116530349999998
0.0034 0.0116530349999998
0.0035 0.0116530349999998
0.0036 0.0116530349999998
0.0037 0.0116530349999998
0.0038 0.0116530349999998
0.0039 0.0116530349999998
0.004 0.0116530349999998
0.0041 0.0116530349999998
0.0042 0.0116530349999998
0.0043 0.0116530349999998
0.0044 0.0116530349999998
0.0045 0.0116530349999998
0.0046 0.0116530349999998
0.0047 0.0116530349999998
0.0048 0.0116530349999998
0.0049 0.0116530349999998
0.005 0.0116530349999998
0.0051 0.0116530349999998
0.0052 0.0116530349999998
0.0053 0.0116530349999998
0.0054 0.0116530349999998
0.0055 0.0116530349999998
0.0056 0.0116530349999998
0.0057 0.0116530349999998
0.0058 0.0116530349999998
0.0059 0.0116530349999998
0.006 0.0116530349999998
0.0061 0.0116530349999998
0.0062 0.0116530349999998
0.0063 0.0116530349999998
0.0064 0.0116530349999998
0.0065 0.0116530349999998
0.0066 0.0116530349999998
0.0067 0.0116530349999998
0.0068 0.0116530349999998
0.00690000000000001 0.0116530349999998
0.00700000000000001 0.0116530349999998
0.00710000000000001 0.0116530349999998
0.00720000000000001 0.0116530349999998
0.00730000000000001 0.0116530349999998
0.00740000000000001 0
0.00750000000000001 0
0.00760000000000001 0
0.00770000000000001 0
0.00780000000000001 0
0.00790000000000001 0
0.00800000000000001 0
0.00810000000000001 0
0.00820000000000001 0
0.00830000000000001 0
0.0084 0
0.0085 0
0.0086 0
0.0087 0
0.0088 0
0.0089 0
0.009 0
0.0091 0
0.0092 0
0.0093 0
0.0094 0
0.0095 0
0.0096 0
0.0097 0
0.0098 0
0.0099 0
0.01 0
